P =0	 t=0	 genomes=2 3 4 6 11 12 13 14 16 17 20 21 22 23 25 26 29 32 34 35 36 37 38 40 42 43 46 47 48 49 50 51	 best_global=1.1476266401092344e-11
P =0	 t=2	 genomes=1 2 4 6 7 15 16 18 19 20 21 22 26 28 29 33 34 35 36 37 39 40	 best_global=1.0217172805170534e-07
P =0	 t=6	 genomes=0 1 2 6 10 13 17 20 22 23 24 25 26 29 31 40 42 43 46 47 51	 best_global=1.323926485181039e-06
P =0	 t=8	 genomes=0 1 4 7 12 15 18 19 21 23 24 26 27 36 38 42 44 47	 best_global=2.1702179430611194e-05
P =0	 t=137	 genomes=3 7 9 14 17 18 23 24 25 27 29 33 37 40 43 45 46 47 48 50	 best_global=0.00011419549984563214
P =2	 t=851	 genomes=2 3 9 11 18 23 24 27 28 42 46 47 48 50	 best_global=0.0022619804536011755
P =11	 t=39	 genomes=3 5 6 17 20 22 24 25 27 29 30 41 42 43 44 45 47	 best_global=0.02922474489762836
P =12	 t=84	 genomes=0 11 15 17 24 25 33 36 37 39 41 42 43 44	 best_global=0.05047570541818322
P =34	 t=154	 genomes=9 12 13 18 24 25 26 34 35 36 40 42	 best_global=0.1171426820851741
P =0	 t=0	 genomes=1 3 4 5 8 11 12 13 14 16 19 20 22 23 24 25 26 27 28 29 31 32 33 34 36 38 40 41 44 49 50 51	 best_global=1.8838985403438993e-11
P =0	 t=1	 genomes=0 1 3 4 6 7 8 10 11 16 17 21 22 23 24 27 29 30 33 35 39 40 43 44 45 46 47 48 50	 best_global=5.076420316880645e-09
P =0	 t=2	 genomes=1 5 7 8 10 11 13 16 20 22 26 27 28 30 31 34 36 40 42 43 45 46 48	 best_global=2.179927535301578e-06
P =0	 t=38	 genomes=0 2 3 5 8 9 11 12 14 15 17 19 24 31 33 34 36 51	 best_global=2.78962505141185e-06
P =0	 t=44	 genomes=3 5 8 9 12 13 16 19 24 27 29 36 37 39 42 43 44 46 47 50	 best_global=0.0011410779392016415
P =1	 t=50	 genomes=2 3 5 10 11 14 16 21 25 27 29 33 34 39 42 48 50	 best_global=0.0021073182193456345
P =4	 t=8	 genomes=0 1 3 7 11 15 17 21 24 25 28 29 33 36 37 40 43 46 47	 best_global=0.0027429112135392945
P =4	 t=145	 genomes=7 9 11 12 17 22 29 33 37 40 41 44 48	 best_global=0.3793157261977201
P =0	 t=0	 genomes=0 2 4 5 6 8 9 10 11 15 16 18 20 24 26 30 31 33 34 35 38 42 45 46 47 48 49 50	 best_global=4.506223833037237e-11
P =0	 t=1	 genomes=1 6 7 11 12 13 14 15 18 19 21 24 25 31 32 34 36 38 41 43 47 48 51	 best_global=2.8605559909323014e-07
P =0	 t=2	 genomes=1 4 7 11 13 15 18 19 20 24 28 34 37 38 41 42 43 44 45 47 50	 best_global=2.2680415335628947e-05
P =0	 t=15	 genomes=5 9 12 14 15 17 21 24 25 28 35 37 39 40 42 43 45 46 48	 best_global=0.0007440311728100173
P =0	 t=18	 genomes=0 2 3 4 6 8 11 17 19 27 31 33 44 47	 best_global=0.002810059961516002
P =3	 t=37	 genomes=2 3 4 5 10 16 17 21 23 25 29 32 34 43 44	 best_global=0.008673637383744314
P =5	 t=5	 genomes=5 10 11 14 20 22 23 25 29 33 36 38 40 46 49 50	 best_global=0.012692337945260935
P =10	 t=15	 genomes=2 6 20 21 25 28 31 33 34 35 43	 best_global=1.5784373817775335
